+-AllOritatamiSystemFormationFile

+Delay = 2;
+Arity = 5;
+Rule Set = {
	-0 = [5 , ]:
	-2 = [6 , ]:
	-3 = [6 , ]:
	-5 = [0 , 11 , 15 , ]:
	-6 = [2 , 3 , 6 , 7 , 8 , 9 , 10 , 11 , 12 , 13 , 14 , 15 , 16 , ]:
	-7 = [6 , ]:
	-8 = [6 , ]:
	-9 = [6 , ]:
	-10 = [6 , ]:
	-11 = [5 , 6 , ]:
	-12 = [6 , ]:
	-13 = [6 , ]:
	-14 = [6 , ]:
	-15 = [5 , 6 , ]:
	-16 = [6 , ]:
};
+Transcript = {
	5 ,6 ,5 ,6 ,5 ,6 ,5 ,6 ,5 ,6 ,5 ,6 ,5 ,6 ,5 ,6 ,5 ,6 ,5 ,6 ,5 ,6 ,5 ,6 ,5 ,6 ,5 ,6 ,5 ,6 ,5 ,6 ,5 ,6 ,5 ,6 ,5 ,6 ,5 ,6 ,5 ,6 ,5 ,6 ,5 ,6 ,5 ,6 ,5 ,6 ,5 ,6 ,5 ,6 ,5 ,6 ,5 ,6 ,5 ,6 ,5 ,6 ,5 ,6 ,5 ,6 ,5 ,6 ,5 ,6 ,5 ,6 ,5 ,6 ,5 ,6 ,5 ,6 ,
};
+Adapt index and name = {
	length = 17:
	-StringArray = [(0,1) , (1,2) , (2,3) , (3,4) , (4,0) , (5,b) , (6,t) , (7,C) , (8,D) , (9,E) , (10,J) , (11,6) , (12,L) , (13,G) , (14,H) , (15,D') , (16,E') , 	]:
};
===output formation number is 0;
+conformation type = target;
+startX = 23;
+startY = 3;
+positionX = -1;
+positionY = 3;
+numberOfContainBeads = 42;
+initialBeads = {
(0,2,3)
(1,2,2)
(2,2,3)
(3,2,2)
(4,2,3)
(5,2,12)
(6,2,16)
(7,2,15)
(8,2,11)
(9,2,0)
(10,2,11)
(11,2,0)
(12,2,11)
(13,2,9)
(14,2,8)
(15,2,7)
(16,2,3)
(17,2,2)
(18,2,3)
(19,2,2)
(20,2,3)
(21,2,2)
(22,2,3)
(23,2,2)
(23,3,6)
(23,4,5)
(24,2,4)
(24,3,4)
(24,4,5)
};
+beadsPosition = {
	-elements = [
		0 : (2: [3,-1,-1,-1]),(3: [6,5,2,40]),(4: [5,3,0,39]),/
		-1 : (3: [6,-1,2,42]),(4: [5,3,0,41]),/
		1 : (2: [2,-1,-1,-1]),(3: [6,5,2,38]),(4: [5,3,0,37]),/
		2 : (2: [3,-1,-1,-1]),(3: [6,5,2,36]),(4: [5,3,0,35]),/
		3 : (2: [2,-1,-1,-1]),(3: [6,5,2,34]),(4: [5,3,0,33]),/
		4 : (2: [3,-1,-1,-1]),(3: [6,5,2,32]),(4: [5,3,0,31]),/
		5 : (2: [12,-1,-1,-1]),(3: [6,5,2,30]),(4: [5,3,0,29]),/
		6 : (2: [16,-1,-1,-1]),(3: [6,5,1,28]),/
		7 : (2: [15,-1,-1,-1]),(3: [5,4,1,27]),/
		8 : (2: [11,-1,-1,-1]),(3: [6,4,1,26]),/
		9 : (2: [0,-1,-1,-1]),(3: [5,4,1,25]),/
		10 : (2: [11,-1,-1,-1]),(3: [6,4,1,24]),/
		11 : (2: [0,-1,-1,-1]),(3: [5,4,1,23]),/
		12 : (2: [11,-1,-1,-1]),(3: [6,4,2,22]),(4: [5,3,0,21]),/
		13 : (2: [9,-1,-1,-1]),(3: [6,5,2,20]),(4: [5,3,0,19]),/
		14 : (2: [8,-1,-1,-1]),(3: [6,5,2,18]),(4: [5,3,0,17]),/
		15 : (2: [7,-1,-1,-1]),(3: [6,5,2,16]),(4: [5,3,0,15]),/
		16 : (2: [3,-1,-1,-1]),(3: [6,5,2,14]),(4: [5,3,0,13]),/
		17 : (2: [2,-1,-1,-1]),(3: [6,5,2,12]),(4: [5,3,0,11]),/
		18 : (2: [3,-1,-1,-1]),(3: [6,5,2,10]),(4: [5,3,0,9]),/
		19 : (2: [2,-1,-1,-1]),(3: [6,5,2,8]),(4: [5,3,0,7]),/
		20 : (2: [3,-1,-1,-1]),(3: [6,5,2,6]),(4: [5,3,0,5]),/
		21 : (2: [2,-1,-1,-1]),(3: [6,5,2,4]),(4: [5,3,0,3]),/
		22 : (2: [3,-1,-1,-1]),(3: [6,5,2,2]),(4: [5,3,0,1]),/
		23 : (2: [2,-1,-1,-1]),(3: [6,5,-1,-1]),(4: [5,-1,-1,-1]),/
		24 : (2: [4,-1,-1,-1]),(3: [4,-1,-1,-1]),(4: [5,-1,-1,-1]),/
	]:
};
+conformation type = formed;
+startX = 23;
+startY = 3;
+positionX = -2;
+positionY = 3;
+numberOfContainBeads = 43;
+initialBeads = {
(0,2,3)
(1,2,2)
(2,2,3)
(3,2,2)
(4,2,3)
(5,2,12)
(6,2,16)
(7,2,15)
(8,2,11)
(9,2,0)
(10,2,11)
(11,2,0)
(12,2,11)
(13,2,9)
(14,2,8)
(15,2,7)
(16,2,3)
(17,2,2)
(18,2,3)
(19,2,2)
(20,2,3)
(21,2,2)
(22,2,3)
(23,2,2)
(23,3,6)
(23,4,5)
(24,2,4)
(24,3,4)
(24,4,5)
};
+beadsPosition = {
	-elements = [
		0 : (2: [3,-1,-1,-1]),(3: [6,5,2,40]),(4: [5,5,0,39]),/
		-1 : (3: [6,5,2,42]),(4: [5,5,0,41]),/
		1 : (2: [2,-1,-1,-1]),(3: [6,5,2,38]),(4: [5,5,0,37]),/
		-2 : (3: [5,-1,1,43]),/
		2 : (2: [3,-1,-1,-1]),(3: [6,5,2,36]),(4: [5,5,0,35]),/
		3 : (2: [2,-1,-1,-1]),(3: [6,5,2,34]),(4: [5,5,0,33]),/
		4 : (2: [3,-1,-1,-1]),(3: [6,5,2,32]),(4: [5,5,0,31]),/
		5 : (2: [12,-1,-1,-1]),(3: [6,5,2,30]),(4: [5,5,0,29]),/
		6 : (2: [16,-1,-1,-1]),(3: [6,5,1,28]),/
		7 : (2: [15,-1,-1,-1]),(3: [5,5,1,27]),/
		8 : (2: [11,-1,-1,-1]),(3: [6,5,1,26]),/
		9 : (2: [0,-1,-1,-1]),(3: [5,5,1,25]),/
		10 : (2: [11,-1,-1,-1]),(3: [6,5,1,24]),/
		11 : (2: [0,-1,-1,-1]),(3: [5,5,1,23]),/
		12 : (2: [11,-1,-1,-1]),(3: [6,5,2,22]),(4: [5,5,0,21]),/
		13 : (2: [9,-1,-1,-1]),(3: [6,5,2,20]),(4: [5,5,0,19]),/
		14 : (2: [8,-1,-1,-1]),(3: [6,5,2,18]),(4: [5,5,0,17]),/
		15 : (2: [7,-1,-1,-1]),(3: [6,5,2,16]),(4: [5,5,0,15]),/
		16 : (2: [3,-1,-1,-1]),(3: [6,5,2,14]),(4: [5,5,0,13]),/
		17 : (2: [2,-1,-1,-1]),(3: [6,5,2,12]),(4: [5,5,0,11]),/
		18 : (2: [3,-1,-1,-1]),(3: [6,5,2,10]),(4: [5,5,0,9]),/
		19 : (2: [2,-1,-1,-1]),(3: [6,5,2,8]),(4: [5,5,0,7]),/
		20 : (2: [3,-1,-1,-1]),(3: [6,5,2,6]),(4: [5,5,0,5]),/
		21 : (2: [2,-1,-1,-1]),(3: [6,5,2,4]),(4: [5,5,0,3]),/
		22 : (2: [3,-1,-1,-1]),(3: [6,5,2,2]),(4: [5,5,0,1]),/
		23 : (2: [2,-1,-1,-1]),(3: [6,5,-1,-1]),(4: [5,-1,-1,-1]),/
		24 : (2: [4,-1,-1,-1]),(3: [4,-1,-1,-1]),(4: [5,-1,-1,-1]),/
	]:
};
===output formation number is 1;
+conformation type = target;
+startX = 23;
+startY = 3;
+positionX = -1;
+positionY = 3;
+numberOfContainBeads = 48;
+initialBeads = {
(0,2,3)
(1,2,2)
(2,2,3)
(3,2,2)
(4,2,3)
(5,2,12)
(6,2,14)
(7,2,13)
(8,2,3)
(9,2,2)
(10,2,3)
(11,2,2)
(12,2,10)
(13,2,9)
(14,2,8)
(15,2,7)
(16,2,3)
(17,2,2)
(18,2,3)
(19,2,2)
(20,2,3)
(21,2,2)
(22,2,3)
(23,2,2)
(23,3,6)
(23,4,5)
(24,2,4)
(24,3,4)
(24,4,5)
};
+beadsPosition = {
	-elements = [
		0 : (2: [3,-1,-1,-1]),(3: [6,5,2,46]),(4: [5,3,0,45]),/
		-1 : (3: [6,-1,2,48]),(4: [5,3,0,47]),/
		1 : (2: [2,-1,-1,-1]),(3: [6,5,2,44]),(4: [5,3,0,43]),/
		2 : (2: [3,-1,-1,-1]),(3: [6,5,2,42]),(4: [5,3,0,41]),/
		3 : (2: [2,-1,-1,-1]),(3: [6,5,2,40]),(4: [5,3,0,39]),/
		4 : (2: [3,-1,-1,-1]),(3: [6,5,2,38]),(4: [5,3,0,37]),/
		5 : (2: [12,-1,-1,-1]),(3: [6,5,2,36]),(4: [5,3,0,35]),/
		6 : (2: [14,-1,-1,-1]),(3: [6,5,2,34]),(4: [5,3,0,33]),/
		7 : (2: [13,-1,-1,-1]),(3: [6,5,2,32]),(4: [5,3,0,31]),/
		8 : (2: [3,-1,-1,-1]),(3: [6,5,2,30]),(4: [5,3,0,29]),/
		9 : (2: [2,-1,-1,-1]),(3: [6,5,2,28]),(4: [5,3,0,27]),/
		10 : (2: [3,-1,-1,-1]),(3: [6,5,2,26]),(4: [5,3,0,25]),/
		11 : (2: [2,-1,-1,-1]),(3: [6,5,2,24]),(4: [5,3,0,23]),/
		12 : (2: [10,-1,-1,-1]),(3: [6,5,2,22]),(4: [5,3,0,21]),/
		13 : (2: [9,-1,-1,-1]),(3: [6,5,2,20]),(4: [5,3,0,19]),/
		14 : (2: [8,-1,-1,-1]),(3: [6,5,2,18]),(4: [5,3,0,17]),/
		15 : (2: [7,-1,-1,-1]),(3: [6,5,2,16]),(4: [5,3,0,15]),/
		16 : (2: [3,-1,-1,-1]),(3: [6,5,2,14]),(4: [5,3,0,13]),/
		17 : (2: [2,-1,-1,-1]),(3: [6,5,2,12]),(4: [5,3,0,11]),/
		18 : (2: [3,-1,-1,-1]),(3: [6,5,2,10]),(4: [5,3,0,9]),/
		19 : (2: [2,-1,-1,-1]),(3: [6,5,2,8]),(4: [5,3,0,7]),/
		20 : (2: [3,-1,-1,-1]),(3: [6,5,2,6]),(4: [5,3,0,5]),/
		21 : (2: [2,-1,-1,-1]),(3: [6,5,2,4]),(4: [5,3,0,3]),/
		22 : (2: [3,-1,-1,-1]),(3: [6,5,2,2]),(4: [5,3,0,1]),/
		23 : (2: [2,-1,-1,-1]),(3: [6,5,-1,-1]),(4: [5,-1,-1,-1]),/
		24 : (2: [4,-1,-1,-1]),(3: [4,-1,-1,-1]),(4: [5,-1,-1,-1]),/
	]:
};
+conformation type = formed;
+startX = 23;
+startY = 3;
+positionX = -2;
+positionY = 3;
+numberOfContainBeads = 49;
+initialBeads = {
(0,2,3)
(1,2,2)
(2,2,3)
(3,2,2)
(4,2,3)
(5,2,12)
(6,2,14)
(7,2,13)
(8,2,3)
(9,2,2)
(10,2,3)
(11,2,2)
(12,2,10)
(13,2,9)
(14,2,8)
(15,2,7)
(16,2,3)
(17,2,2)
(18,2,3)
(19,2,2)
(20,2,3)
(21,2,2)
(22,2,3)
(23,2,2)
(23,3,6)
(23,4,5)
(24,2,4)
(24,3,4)
(24,4,5)
};
+beadsPosition = {
	-elements = [
		0 : (2: [3,-1,-1,-1]),(3: [6,5,2,46]),(4: [5,5,0,45]),/
		-1 : (3: [6,5,2,48]),(4: [5,5,0,47]),/
		1 : (2: [2,-1,-1,-1]),(3: [6,5,2,44]),(4: [5,5,0,43]),/
		-2 : (3: [5,-1,1,49]),/
		2 : (2: [3,-1,-1,-1]),(3: [6,5,2,42]),(4: [5,5,0,41]),/
		3 : (2: [2,-1,-1,-1]),(3: [6,5,2,40]),(4: [5,5,0,39]),/
		4 : (2: [3,-1,-1,-1]),(3: [6,5,2,38]),(4: [5,5,0,37]),/
		5 : (2: [12,-1,-1,-1]),(3: [6,5,2,36]),(4: [5,5,0,35]),/
		6 : (2: [14,-1,-1,-1]),(3: [6,5,2,34]),(4: [5,5,0,33]),/
		7 : (2: [13,-1,-1,-1]),(3: [6,5,2,32]),(4: [5,5,0,31]),/
		8 : (2: [3,-1,-1,-1]),(3: [6,5,2,30]),(4: [5,5,0,29]),/
		9 : (2: [2,-1,-1,-1]),(3: [6,5,2,28]),(4: [5,5,0,27]),/
		10 : (2: [3,-1,-1,-1]),(3: [6,5,2,26]),(4: [5,5,0,25]),/
		11 : (2: [2,-1,-1,-1]),(3: [6,5,2,24]),(4: [5,5,0,23]),/
		12 : (2: [10,-1,-1,-1]),(3: [6,5,2,22]),(4: [5,5,0,21]),/
		13 : (2: [9,-1,-1,-1]),(3: [6,5,2,20]),(4: [5,5,0,19]),/
		14 : (2: [8,-1,-1,-1]),(3: [6,5,2,18]),(4: [5,5,0,17]),/
		15 : (2: [7,-1,-1,-1]),(3: [6,5,2,16]),(4: [5,5,0,15]),/
		16 : (2: [3,-1,-1,-1]),(3: [6,5,2,14]),(4: [5,5,0,13]),/
		17 : (2: [2,-1,-1,-1]),(3: [6,5,2,12]),(4: [5,5,0,11]),/
		18 : (2: [3,-1,-1,-1]),(3: [6,5,2,10]),(4: [5,5,0,9]),/
		19 : (2: [2,-1,-1,-1]),(3: [6,5,2,8]),(4: [5,5,0,7]),/
		20 : (2: [3,-1,-1,-1]),(3: [6,5,2,6]),(4: [5,5,0,5]),/
		21 : (2: [2,-1,-1,-1]),(3: [6,5,2,4]),(4: [5,5,0,3]),/
		22 : (2: [3,-1,-1,-1]),(3: [6,5,2,2]),(4: [5,5,0,1]),/
		23 : (2: [2,-1,-1,-1]),(3: [6,5,-1,-1]),(4: [5,-1,-1,-1]),/
		24 : (2: [4,-1,-1,-1]),(3: [4,-1,-1,-1]),(4: [5,-1,-1,-1]),/
	]:
};
